Lead II
1.32
1.485
1.655
1.775
1.855
1.865
1.835
1.72
1.52
1.22
0.9
0.585
0.32
0.135
0.025
-0.04
-0.055
-0.055
-0.065
-0.09
-0.12
-0.165
-0.205
-0.215
-0.225
-0.22
-0.22
-0.22
-0.23
-0.23
-0.225
-0.235
-0.23
-0.23
-0.235
-0.225
-0.235
-0.245
-0.25
-0.265
-0.26
-0.26
-0.255
-0.25
-0.24
-0.24
-0.245
-0.245
-0.26
-0.275
-0.27
-0.29
-0.295
-0.3
-0.3
-0.29
-0.285
-0.295
-0.3
-0.31
-0.33
-0.34
-0.355
-0.37
-0.385
-0.39
-0.415
-0.415
-0.425
-0.43
-0.43
-0.445
-0.46
-0.465
-0.495
-0.5
-0.495
-0.515
-0.51
-0.5
-0.5
-0.49
-0.49
-0.475
-0.465
-0.465
-0.445
-0.44
-0.425
-0.395
-0.36
-0.35
-0.315
-0.29
-0.27
-0.245
-0.23
-0.215
-0.2
-0.175
-0.155
-0.135
-0.115
-0.095
-0.075
-0.075
-0.07
-0.06
-0.065
-0.07
-0.065
-0.075
-0.08
-0.055
-0.05
-0.05
-0.05
-0.05
-0.045
-0.045
-0.075
-0.055
-0.055
-0.06
-0.07
-0.065
-0.055
-0.06
-0.04
-0.04
-0.04
-0.06
-0.065
-0.06
-0.065
-0.06
-0.055
-0.055
-0.045
-0.035
-0.02
-0.015
-0.01
-0.005
0.0
0.005
0.025
0.05
0.06
0.075
0.095
0.115
0.145
0.155
0.195
0.235
0.255
0.26
0.275
0.26
0.24
0.225
0.21
0.215
0.23
0.24
0.245
0.23
0.195
0.16
0.12
0.095
0.06
0.045
0.03
0.005
0.0
-0.015
-0.045
-0.055
-0.075
-0.095
-0.11
-0.125
-0.12
-0.13
-0.115
-0.105
-0.075
-0.07
-0.07
-0.075
-0.085
-0.1
-0.105
-0.115
-0.11
-0.075
-0.01
0.11
0.275
0.45
0.67
0.88
1.08
1.275
1.46
1.635
1.755
1.85
1.865
1.81
1.69
1.46
1.165
0.835
0.535
0.28
0.105
0.0
-0.045
-0.06
-0.08
-0.09
-0.12
-0.165
-0.215
-0.245
-0.265
-0.27
-0.265
-0.275
-0.275
-0.28
-0.275
-0.285
-0.285
-0.28
-0.28
-0.28
-0.295
-0.29
-0.3
-0.315
-0.315
-0.315
-0.315
-0.315
-0.305
-0.31
-0.31
-0.325
-0.33
-0.33
-0.345
-0.35
-0.355
-0.355
-0.345
-0.355
-0.34
-0.365
-0.36
-0.375
-0.39
-0.405
-0.41
-0.425
-0.435
-0.44
-0.465
-0.47
-0.495
-0.5
-0.5
-0.51
-0.535
-0.545
-0.555
-0.57
-0.57
-0.58
-0.58
-0.57
-0.56
-0.57
-0.56
-0.56
-0.56
-0.555
-0.545
-0.525
-0.505
-0.485
-0.47
-0.43
-0.385
-0.36
-0.34
-0.31
-0.305
-0.29
-0.285
-0.265
-0.23
-0.215
-0.185
-0.165
-0.15
-0.145
-0.14
-0.14
-0.14
-0.15
-0.14
-0.15
-0.14
-0.135
-0.125
-0.11
-0.095
-0.11
-0.12
-0.12
-0.12
-0.13
-0.13
-0.135
-0.125
-0.125
-0.12
-0.115
-0.105
-0.105
-0.1
-0.105
-0.095
-0.11
-0.1
-0.09
-0.08
-0.07
-0.035
-0.015
0.035
0.07
0.11
0.175
0.235
0.295
0.37
0.46
0.555
0.68
0.805
0.94
1.045
1.08
1.025
0.855
0.545
0.12
-0.345
-0.8
-1.15
-1.43
-1.635
-1.8
-1.94
-2.05
-2.135
-2.17
-2.175
-2.155
-2.115
-2.07
-1.995
-1.9
-1.79
-1.685
-1.585
-1.515
-1.455
-1.44
-1.405
-1.35
-1.26
-1.165
-1.075
-0.99
-0.925
-0.865
-0.815
-0.79
-0.72
-0.625
-0.54
-0.405
-0.275
-0.145
-0.015
0.075
0.15
0.195
0.23
0.23
0.235
0.255
0.245
0.26
0.295
0.315
0.335
0.36
0.38
0.395
0.425
0.45
0.455
0.475
0.48
0.505
0.515
0.52
0.545
0.57
0.61
0.63
0.655
0.69
0.71
0.735
0.76
0.785
0.805
0.825
0.85
0.87
0.905
0.93
0.96
0.975
0.98
0.985
0.98
0.975
0.965
0.955
0.945
0.935
0.92
0.905
0.88
0.85
0.825
0.785
0.74
0.705
0.665
0.63
0.6
0.56
0.535
0.505
0.475
0.43
0.4
0.37
0.32
0.285
0.25
0.21
0.185
0.17
0.15
0.135
0.12
0.095
0.07
0.05
0.035
0.01
-0.025
-0.035
-0.045
-0.05
-0.05
-0.05
-0.04
-0.05
-0.05
-0.06
-0.06
-0.065
-0.085
-0.08
-0.08
-0.065
-0.065
-0.06
-0.05
-0.05
-0.055
-0.075
-0.08
-0.085
-0.08
-0.085
-0.075
-0.08
-0.08
-0.07
-0.06
-0.065
-0.065
-0.065
-0.085
-0.09
-0.095
-0.09
-0.105
-0.105
-0.095
-0.09
-0.08
-0.08
-0.075
-0.095
-0.11
-0.115
-0.125
-0.12
-0.14
-0.11
-0.115
-0.11
-0.1
-0.09
-0.1
-0.1
-0.11
-0.115
-0.125
-0.115
-0.115
-0.12
-0.105
-0.095
-0.08
-0.065
-0.055
-0.03
-0.025
-0.01
0.0
-0.005
0.015
0.025
0.045
0.055
0.085
0.13
0.16
0.185
0.2
0.21
0.195
0.165
0.15
0.13
0.135
0.135
0.15
0.16
0.15
0.13
0.105
0.07
0.03
-0.005
-0.035
-0.07
-0.07
-0.085
-0.095
-0.105
-0.125
-0.145
-0.17
-0.17
-0.175
-0.185
-0.175
-0.17
-0.16
-0.145
-0.135
-0.145
-0.15
-0.16
-0.16
-0.155
-0.125
-0.065
0.065
0.245
0.455
0.665
0.88
1.08
1.27
1.445
1.605
1.74
1.795
1.815
1.755
1.625
1.415
1.12
0.795
0.5
0.255
0.095
-0.02
-0.07
-0.105
-0.135
-0.16
-0.205
-0.24
-0.28
-0.3
-0.315
-0.315
-0.32
-0.33
-0.32
-0.335
-0.335
-0.345
-0.355
-0.35
-0.355
-0.355
-0.35
-0.36
-0.375
-0.385
-0.385
-0.385
-0.39
-0.385
-0.38
-0.375
-0.38
-0.39
-0.38
-0.39
-0.395
-0.405
-0.42
-0.425
-0.43
-0.43
-0.45
-0.455
-0.465
-0.445
-0.46
-0.47
-0.485
-0.5
-0.515
-0.53
-0.55
-0.56
-0.575
-0.58
-0.59
-0.605
-0.605
-0.63
-0.65
-0.67
-0.69
-0.71
-0.725
-0.73
-0.74
-0.74
-0.735
-0.73
-0.72
-0.735
-0.73
-0.73
-0.705
-0.705
-0.69
-0.67
-0.645
-0.615
-0.575
-0.545
-0.51
-0.485
-0.45
-0.435
-0.405
-0.385
-0.38
-0.335
-0.31
-0.275
-0.245
-0.22
-0.195
-0.195
-0.175
-0.185
-0.17
-0.18
-0.17
-0.165
-0.155
-0.155
-0.145
-0.13
-0.13
-0.13
-0.13
-0.135
-0.14
-0.135
-0.15
-0.14
-0.145
-0.135
-0.135
-0.125
-0.11
-0.115
-0.11
-0.12
-0.12
-0.14
-0.14
-0.135
-0.145
-0.125
-0.11
-0.1
-0.09
-0.09
-0.065
-0.065
-0.055
-0.035
-0.03
-0.015
0.005
0.005
0.025
0.035
0.06
0.095
0.13
0.165
0.195
0.205
0.205
0.195
0.17
0.145
0.13
0.155
0.155
0.16
0.165
0.155
0.135
0.085
0.05
0.01
-0.01
-0.025
-0.06
-0.07
-0.08
-0.09
-0.1
-0.125
-0.14
-0.155
-0.165
-0.17
-0.16
-0.15
-0.145
-0.14
-0.135
-0.14
-0.125
-0.135
-0.13
-0.15
-0.14
-0.12
-0.075
0.03
0.19
0.405
0.63
0.865
1.08
1.275
1.465
1.61
1.72
1.77
1.76
1.695
1.55
1.31
0.995
0.665
0.365
0.135
-0.005
-0.09
-0.13
-0.13
-0.135
-0.155
-0.195
-0.23
-0.245
-0.27
-0.275
-0.29
-0.285
-0.285
-0.29
-0.3
-0.295
-0.295
-0.295
-0.3
-0.305
-0.31
-0.31
-0.315
-0.32
-0.32
-0.325
-0.315
-0.315
-0.32
-0.315
-0.32
-0.315
-0.325
-0.33
-0.34
-0.34
-0.35
-0.35
-0.35
-0.36
-0.355
-0.365
-0.355
-0.36
-0.37
-0.395
-0.395
-0.415
-0.44
-0.45
-0.445
-0.46
-0.465
-0.46
-0.47
-0.485
-0.495
-0.515
-0.525
-0.53
-0.54
-0.56
-0.545
-0.54
-0.545
-0.515
-0.495
-0.485
-0.475
-0.46
-0.455
-0.425
-0.405
-0.385
-0.365
-0.33
-0.3
-0.265
-0.24
-0.215
-0.185
-0.19
-0.17
-0.16
-0.18
-0.155
-0.16
-0.14
-0.115
-0.115
-0.09
-0.095
-0.09
-0.1
-0.105
-0.105
-0.11
-0.115
-0.12
-0.125
-0.115
-0.105
-0.095
-0.09
-0.09
-0.085
-0.095
-0.11
-0.115
-0.12
-0.12
-0.115
-0.1
-0.09
-0.09
-0.1
-0.095
-0.115
-0.115
-0.115
-0.12
-0.125
-0.11
-0.1
-0.08
-0.06
-0.035
-0.005
-0.01
0.025
0.04
0.05
0.05
0.055
0.085
0.1
0.15
0.195
0.235
0.26
0.27
0.25
0.21
0.195
0.17
0.165
0.175
0.185
0.185
0.175
0.16
0.13
0.095
0.05
0.025
-0.005
-0.03
-0.06
-0.07
-0.08
-0.095
-0.1
-0.095
-0.1
-0.105
-0.115
-0.12
-0.115
-0.115
-0.125
-0.125
-0.12
-0.11
-0.095
-0.09
-0.09
-0.095
-0.085
-0.055
0.025
0.14
0.295
0.515
0.73
0.93
1.12
1.31
1.49
1.665
1.79
1.84
1.845
1.775
1.65
1.455
1.175
0.865
0.575
0.355
0.19
0.07
-0.005
-0.045
-0.055
-0.09
-0.125
-0.185
-0.22
-0.255
-0.26
-0.25
-0.255
-0.245
-0.255
-0.265
-0.27
-0.285
-0.3
-0.295
-0.31
-0.31
-0.3
-0.3
-0.295
-0.29
-0.305
-0.305
-0.315
-0.325
-0.32
-0.33
-0.33
-0.33
-0.325
-0.32
-0.31
-0.32
-0.32
-0.325
-0.33
-0.345
-0.345
-0.355
-0.355
-0.365
-0.365
-0.37
-0.385
-0.4
-0.39
-0.41
-0.425
-0.435
-0.455
-0.465
-0.48
-0.49
-0.495
-0.49
-0.5
-0.515
-0.53
-0.54
-0.55
-0.555
-0.565
-0.575
-0.565
-0.565
-0.54
-0.535
-0.525
-0.51
-0.495
-0.49
-0.49
-0.46
-0.425
-0.4
-0.375
-0.35
-0.32
-0.29
-0.255
-0.23
-0.215
-0.2
-0.185
-0.175
-0.16
-0.14
-0.145
-0.13
-0.11
-0.1
-0.1
-0.09
-0.08
-0.085
-0.08
-0.095
-0.095
-0.1
-0.105
-0.08
-0.075
-0.07
-0.07
-0.065
-0.065
-0.09
-0.08
-0.095
-0.09
-0.095
-0.09
-0.075
-0.065
-0.065
-0.065
-0.065
-0.07
-0.085
-0.09
-0.1
-0.095
-0.09
-0.085
-0.07
-0.065
-0.05
-0.035
-0.02
-0.01
0.01
0.03
0.035
0.045
0.065
0.07
0.08
0.105
0.15
0.19
0.215
0.245
0.24
0.23
0.21
0.195
0.185
0.175
0.195
0.22
0.22
0.235
0.215
0.195
0.16
0.13
0.09
0.055
0.02
-0.005
-0.035
-0.05
-0.065
-0.06
-0.075
-0.085
-0.105
-0.125
-0.125
-0.13
-0.135
-0.115
-0.115
-0.1
-0.09
-0.085
-0.075
-0.085
-0.08
-0.085
-0.105
-0.11
-0.085
-0.015
0.085
0.23
0.415
0.61
0.815
1.01
1.205
1.39
1.56
1.71
1.815
1.86
1.85
1.785
1.63
1.4
1.085
0.76
0.475
0.235
0.08
-0.02
-0.07
-0.09
-0.09
-0.105
-0.135
-0.17
-0.21
-0.235
-0.25
-0.26
-0.275
-0.27
-0.275
-0.27
-0.275
-0.26
-0.265
-0.265
-0.265
-0.28
-0.275
-0.295
-0.295
-0.3
-0.305
-0.31
-0.305
-0.295
-0.29
-0.285
-0.3
-0.29
-0.31
-0.315
-0.33
-0.345
-0.34
-0.335
-0.335
-0.33
-0.335
-0.345
-0.355
-0.365
-0.38
-0.39
-0.405
-0.42
-0.41
-0.42
-0.43
-0.435
-0.43
-0.44
-0.45
-0.47
-0.49
-0.5
-0.525
-0.535
-0.545
-0.555
-0.55
-0.545
-0.53
-0.52
-0.515
-0.52
-0.515
-0.505
-0.5
-0.49
-0.48
-0.455
-0.43
-0.395
-0.365
-0.335
-0.31
-0.295
-0.275
-0.26
-0.245
-0.23
-0.21
-0.19
-0.165
-0.14
-0.12
-0.105
-0.105
-0.09
-0.085
-0.085
-0.095
-0.105
-0.09
-0.1
-0.095
-0.09
-0.08
-0.08
-0.075
-0.08
-0.075
-0.08
-0.09
-0.085
-0.1
-0.09
-0.09
-0.085
-0.075
-0.07
-0.08
-0.08
-0.075
-0.085
-0.105
-0.09
-0.095
-0.095
-0.095
-0.09
-0.08
-0.08
-0.075
-0.065
-0.065
-0.065
-0.06
-0.055
-0.045
-0.025
0.0
0.015
0.035
0.06
0.07
0.085
0.1
0.11
0.125
0.165
0.2
0.225
0.255
0.255
0.24
0.22
0.195
0.18
0.185
0.195
0.19
0.185
0.16
0.14
0.105
0.085
0.045
0.01
-0.015
-0.03
-0.06
-0.08
-0.09
-0.11
-0.12
-0.135
-0.135
-0.135
-0.13
-0.14
-0.135
-0.115
-0.12
-0.125
-0.13
-0.14
-0.145
-0.145
-0.145
-0.13
-0.08
-0.03
0.06
0.205
0.385
0.59
0.78
0.96
1.155
1.335
1.52
1.685
1.8
1.855
1.83
1.755
1.57
1.31
0.985
0.65
0.39
0.175
0.02
-0.065
-0.09
-0.115
-0.13
-0.17
-0.205
-0.255
-0.28
-0.295
-0.3
-0.3
-0.29
-0.29
-0.28
-0.29
-0.3
-0.305
-0.315
-0.33
-0.34
-0.325
-0.335
-0.335
-0.33
-0.33
-0.32
-0.32
-0.32
-0.32
-0.335
-0.345
-0.35
-0.37
-0.36
-0.36
-0.365
-0.365
-0.36
-0.36
-0.37
-0.375
-0.41
-0.42
-0.435
-0.445
-0.465
-0.47
-0.47
-0.475
-0.48
-0.49
-0.495
-0.52
-0.55
-0.56
-0.575
-0.58
-0.59
-0.605
-0.605
-0.6
-0.595
-0.585
-0.58
-0.59
-0.585
-0.58
-0.57
-0.56
-0.535
-0.51
-0.48
-0.445
-0.42
-0.385
-0.36
-0.335
-0.32
-0.305
-0.295
-0.265
-0.245
-0.215
-0.205
-0.19
-0.175
-0.155
-0.155
-0.155
-0.16
-0.17
-0.175
-0.17
-0.165
-0.155
-0.15
-0.145
-0.15
-0.14
-0.145
-0.14
-0.175
-0.16
-0.17
-0.165
-0.16
-0.175
-0.16
-0.16
-0.155
-0.14
-0.14
-0.14
-0.155
-0.17
-0.18
-0.17
-0.17
-0.175
-0.165
-0.145
-0.14
-0.135
-0.135
-0.12
-0.12
-0.11
-0.1
-0.085
-0.065
-0.04
-0.015
-0.005
0.01
0.025
0.035
0.075
0.105
0.135
0.16
0.165
0.165
0.145
0.13
0.115
0.135
0.135
0.14
0.15
0.12
0.11
0.08
0.04
0.025
-0.02
-0.055
-0.065
-0.075
-0.095
-0.105
-0.125
-0.145
-0.19
-0.19
-0.21
-0.215
-0.215
-0.215
-0.205
-0.2
-0.18
-0.18
-0.18
-0.195
-0.185
-0.2
-0.2
-0.21
-0.205
-0.195
-0.135
-0.075
0.055
0.21
0.41
0.605
0.79
0.965
1.12
1.295
1.475
1.62
1.725
1.76
1.755
1.685
1.54
1.315
1.025
0.71
0.42
0.185
0.015
-0.09
-0.14
-0.155
-0.175
-0.2
-0.225
-0.27
-0.325
-0.35
-0.385
-0.38
-0.375
-0.375
-0.37
-0.365
-0.38
-0.385
-0.38
-0.39
-0.395
-0.405
-0.41
-0.41
-0.415
-0.41
-0.415
-0.41
-0.4
-0.4
-0.4
-0.405
-0.42
-0.43
-0.445
-0.435
-0.445
-0.435
-0.435
-0.425
-0.43
-0.44
-0.445
-0.46
-0.47
-0.485
-0.495
-0.51
-0.515
-0.53
-0.54
-0.54
-0.555
-0.575
-0.585
-0.595
-0.625
-0.635
-0.645
-0.66
-0.665
-0.66
-0.67
-0.66
-0.66
-0.66
-0.665
-0.665
-0.675
-0.67
-0.67
-0.665
-0.645
-0.625
-0.59
-0.56
-0.525
-0.505
-0.48
-0.45
-0.435
-0.425
-0.41
-0.39
-0.365
-0.33
-0.305
-0.285
-0.26
-0.25
-0.25
-0.255
-0.265
-0.265
-0.245
-0.245
-0.24
-0.24
-0.23
-0.235
-0.215
-0.235
-0.23
-0.245
-0.245
-0.26
-0.265
-0.255
-0.25
-0.23
-0.235
-0.225
-0.23
-0.24
-0.24
-0.24
-0.245
-0.24
-0.26
-0.255
-0.25
-0.25
-0.235
-0.24
-0.23
-0.24
-0.23
-0.23
-0.235
-0.23
-0.225
-0.22
-0.2
-0.19
-0.15
-0.125
-0.1
-0.095
-0.075
-0.08
-0.065
-0.035
-0.01
0.02
0.06
0.09
0.1
0.085
0.08
0.05
0.05
0.035
0.03
0.03
0.025
0.025
0.005
-0.025
-0.06
-0.085
-0.11
-0.15
-0.17
-0.195
-0.215
-0.235
-0.245
-0.265
-0.28
-0.28
-0.285
-0.29
-0.27
-0.265
-0.26
-0.26
-0.26
-0.27
-0.28
-0.28
-0.29
-0.265
-0.26
-0.205
-0.12
0.015
0.195
0.41
0.63
0.84
1.045
1.24
1.44
1.595
1.695
1.73
1.69
1.575
1.38
1.085
0.76
0.46
0.17
-0.02
-0.155
-0.23
-0.25
-0.265
-0.28
-0.295
-0.35
-0.395
-0.425
-0.455
-0.465
-0.465
-0.47
-0.46
-0.46
-0.465
-0.465
-0.47
-0.475
-0.48
-0.48
-0.485
-0.505
-0.495
-0.495
-0.49
-0.49
-0.485
-0.47
-0.48
-0.48
-0.485
-0.485
-0.505
-0.505
-0.52
-0.52
-0.525
-0.515
-0.51
-0.515
-0.525
-0.525
-0.535
-0.545
-0.565
-0.59
-0.605
-0.63
-0.62
-0.625
-0.63
-0.635
-0.665
-0.67
-0.69
-0.685
-0.705
-0.705
-0.725
-0.725
-0.73
-0.725
-0.725
-0.72
-0.715
-0.72
-0.705
-0.71
-0.7
-0.67
-0.66
-0.635
-0.605
-0.57
-0.55
-0.5
-0.49
-0.47
-0.445
-0.42
-0.405
-0.385
-0.37
-0.35
-0.335
-0.31
-0.3
-0.28
-0.29
-0.28
-0.275
-0.27
-0.29
-0.29
-0.28
-0.305
-0.295
-0.285
-0.275
-0.27
-0.26
-0.26
-0.275
-0.27
-0.265
-0.285
-0.28
-0.275
-0.285
-0.265
-0.27
-0.255
-0.27
-0.27
-0.265
-0.27
-0.28
-0.295
-0.29
-0.28
-0.265
-0.26
-0.25
-0.24
-0.235
-0.235
-0.24
-0.22
-0.205
-0.195
-0.175
-0.16
-0.14
-0.12
-0.1
-0.09
-0.07
-0.045
-0.03
-0.005
0.025
0.06
0.09
0.095
0.095
0.085
0.08
0.07
0.075
0.085
0.105
0.11
0.09
0.08
0.055
0.025
0.02
0.025
0.02
0.04
0.04
0.065
0.11
0.175
0.235
0.335
0.41
0.485
0.56
0.63
0.72
0.78
0.86
0.92
1.0
1.075
1.13
1.155
1.17
1.125
1.02
0.83
0.565
0.22
-0.175
-0.58
-0.94
-1.235
-1.435
-1.555
-1.61
-1.595
-1.52
-1.425
-1.33
-1.255
-1.185
-1.1
-0.99
-0.87
-0.75
-0.645
-0.55
-0.495
-0.47
-0.475
-0.475
-0.47
-0.485
-0.47
-0.48
-0.475
-0.485
-0.49
-0.47
-0.475
-0.46
-0.455
-0.445
-0.43
-0.455
-0.45
-0.45
-0.455
-0.465
-0.475
-0.47
-0.465
-0.46
-0.465
-0.44
-0.435
-0.435
-0.445
-0.445
-0.455
-0.46
-0.465
-0.46
-0.45
-0.445
-0.445
-0.435
-0.42
-0.43
-0.415
-0.395
-0.405
-0.405
-0.395
-0.375
-0.375
-0.34
-0.33
-0.305
-0.275
-0.27
-0.25
-0.235
-0.235
-0.21
-0.205
-0.195
-0.185
-0.155
-0.155
-0.135
-0.135
-0.125
-0.135
-0.145
-0.165
-0.175
-0.185
-0.185
-0.2
-0.205
-0.21
-0.225
-0.22
-0.215
-0.225
-0.24
-0.25
-0.26
-0.285
-0.3
-0.3
-0.29
-0.3
-0.285
-0.295
-0.29
-0.285
-0.295
-0.305
-0.305
-0.325
-0.32
-0.33
-0.32
-0.315
-0.305
-0.305
-0.305
-0.3
-0.305
-0.3
-0.305
-0.31
-0.315
-0.295
-0.295
-0.29
-0.285
-0.275
-0.275
-0.28
-0.27
-0.285
-0.295
-0.295
-0.29
-0.285
-0.28
-0.275
-0.265
-0.26
-0.26
-0.265
-0.26
-0.255
-0.245
-0.24
-0.22
-0.205
-0.185
-0.165
-0.15
-0.125
-0.12
-0.105
-0.1
-0.095
-0.08
-0.04
-0.005
0.025
0.06
0.085
0.085
0.07
0.045
0.015
-0.005
-0.015
0.0
0.005
0.0
-0.015
-0.035
-0.06
-0.1
-0.13
-0.15
-0.18
-0.22
-0.255
-0.27
-0.28
-0.295
-0.32
-0.315
-0.32
-0.32
-0.315
-0.33
-0.31
-0.32
-0.31
-0.32
-0.32
-0.315
-0.315
-0.315
-0.305
-0.295
-0.285
-0.29
-0.265
-0.21
-0.125
0.005
0.185
0.395
0.61
0.82
1.02
1.22
1.42
1.555
1.66
1.685
1.63
1.515
1.3
1.005
0.685
0.36
0.105
-0.055
-0.155
-0.22
-0.245
-0.265
-0.305
-0.35
-0.4
-0.44
-0.465
-0.47
-0.465
-0.47
-0.465
-0.46
-0.46
-0.49
-0.485
-0.5
-0.51
-0.515
-0.52
-0.51
-0.495
-0.495
-0.49
-0.495
-0.5
-0.505
-0.51
-0.515
-0.53
-0.525
-0.525
-0.53
-0.525
-0.52
-0.52
-0.51
-0.52
-0.53
-0.54
-0.56
-0.555
-0.575
-0.58
-0.585
-0.59
-0.6
-0.6
-0.615
-0.625
-0.64
-0.66
-0.68
-0.695
-0.715
-0.725
-0.735
-0.74
-0.755
-0.76
-0.755
-0.755
-0.765
-0.77
-0.775
-0.78
-0.78
-0.785
-0.77
-0.755
-0.725
-0.71
-0.685
-0.665
-0.63
-0.61
-0.59
-0.56
-0.53
-0.505
-0.48
-0.445
-0.42
-0.385
-0.37
-0.355
-0.335
-0.32
-0.315
-0.325
-0.3
-0.305
-0.29
-0.29
-0.295
-0.275
-0.28
-0.275
-0.27
-0.28
-0.28
-0.295
-0.295
-0.3
-0.295
-0.295
-0.275
-0.265
-0.28
-0.275
-0.265
-0.28
-0.27
-0.285
-0.285
-0.275
-0.275
-0.265
-0.265
-0.255
-0.25
-0.255
-0.275
-0.27
-0.27
-0.26
-0.235
-0.23
-0.21
-0.19
-0.155
-0.125
-0.115
-0.105
-0.115
-0.09
-0.08
-0.055
0.0
0.02
0.07
0.095
0.09
0.085
0.06
0.045
0.04
0.035
0.035
0.035
0.03
0.005
-0.025
-0.065
-0.095
-0.125
-0.145
-0.175
-0.19
-0.215
-0.25
-0.27
-0.27
-0.27
-0.275
-0.28
-0.275
-0.28
-0.255
-0.265
-0.27
-0.26
-0.265
-0.265
-0.26
-0.28
-0.275
-0.275
-0.245
-0.185
-0.1
0.045
0.215
0.42
0.62
0.83
1.01
1.19
1.375
1.545
1.655
1.7
1.695
1.605
1.445
1.225
0.925
0.605
0.32
0.085
-0.075
-0.16
-0.22
-0.25
-0.255
-0.27
-0.305
-0.345
-0.395
-0.435
-0.43
-0.43
-0.425
-0.43
-0.42
-0.425
-0.43
-0.43
-0.44
-0.45
-0.455
-0.45
-0.46
-0.46
-0.465
-0.445
-0.45
-0.435
-0.46
-0.45
-0.465
-0.47
-0.48
-0.485
-0.495
-0.485
-0.48
-0.485
-0.475
-0.475
-0.49
-0.5
-0.5
-0.51
-0.525
-0.545
-0.55
-0.55
-0.545
-0.55
-0.54
-0.55
-0.565
-0.57
-0.585
-0.6
-0.63
-0.645
-0.665
-0.665
-0.665
-0.675
-0.665
-0.655
-0.665
-0.675
-0.68
-0.695
-0.71
-0.705
-0.715
-0.695
-0.685
-0.66
-0.64
-0.61
-0.59
-0.57
-0.555
-0.53
-0.52
-0.505
-0.48
-0.46
-0.425
-0.395
-0.37
-0.34
-0.32
-0.3
-0.29
-0.275
-0.275
-0.28
-0.26
-0.27
-0.275
-0.26
-0.245
-0.24
-0.245
-0.23
-0.235
-0.245
-0.245
-0.24
-0.24
-0.245
-0.235
-0.24
-0.225
-0.225
-0.24
-0.225
-0.22
-0.225
-0.235
-0.245
-0.255
-0.24
-0.24
-0.225
-0.225
-0.22
-0.225
-0.21
-0.22
-0.225
-0.23
-0.235
-0.23
-0.22
-0.215
-0.21
-0.185
-0.17
-0.16
-0.15
-0.145
-0.125
-0.11
-0.1
-0.09
-0.07
-0.065
-0.05
-0.02
0.005
0.035
0.085
0.095
0.12
0.12
0.11
0.09
0.055
0.055
0.07
0.07
0.085
0.09
0.085
0.055
0.02
-0.02
-0.05
-0.09
-0.115
-0.15
-0.155
-0.165
-0.185
-0.2
-0.215
-0.225
-0.255
-0.265
-0.265
-0.27
-0.265
-0.26
-0.25
-0.245
-0.235
-0.225
-0.235
-0.24
-0.25
-0.245
-0.235
-0.215
-0.16
-0.06
0.085
0.255
0.47
0.675
0.86
1.035
1.225
1.405
1.56
1.69
1.76
1.76
1.695
1.58
1.365
1.08
0.76
0.455
0.2
0.01
-0.105
-0.165
-0.195
-0.205
-0.225
-0.24
-0.275
-0.32
-0.35
-0.38
-0.39
-0.395
-0.41
-0.405
-0.405
-0.4
-0.41
-0.4
-0.385
-0.38
-0.375
-0.39
-0.405
-0.405
-0.41
-0.42
-0.43
-0.44
-0.425
-0.415
-0.43
-0.42
-0.42
-0.425
-0.435
-0.455
-0.445
-0.46
-0.445
-0.465
-0.465
-0.445
-0.455
-0.46
-0.48
-0.5
-0.5
-0.52
-0.535
-0.555
-0.56
-0.56
-0.57
-0.585
-0.58
-0.595
-0.595
-0.615
-0.635
-0.65
-0.655
-0.665
-0.68
-0.67
-0.675
-0.68
-0.67
-0.675
-0.66
-0.65
-0.64
-0.63
-0.635
-0.63
-0.595
-0.565
-0.545
-0.51
-0.475
-0.45
-0.43
-0.41
-0.395
-0.375
-0.365
-0.34
-0.33
-0.315
-0.295
-0.275
-0.24
-0.225
-0.23
-0.245
-0.245
-0.25
-0.255
-0.265
-0.255
-0.26
-0.25
-0.23
-0.23
-0.235
-0.22
-0.225
-0.23
-0.235
-0.255
-0.25
-0.265
-0.245
-0.235
-0.225
-0.22
-0.225
-0.225
-0.23
-0.235
-0.235
-0.24
-0.25
-0.26
-0.255
-0.23
-0.23
-0.23
-0.235
-0.23
-0.245
-0.245
-0.25
-0.25
-0.235
-0.22
-0.2
-0.18
-0.155
-0.125
-0.105
-0.09
-0.09
-0.08
-0.075
-0.08
-0.04
-0.01
0.04
0.08
0.105
0.115
0.105
0.075
0.045
0.035
0.03
0.03
0.045
0.035
0.035
0.02
0.0
-0.025
-0.065
-0.105
-0.14
-0.175
-0.185
-0.215
-0.245
-0.26
-0.275
-0.265
-0.275
-0.27
-0.28
-0.275
-0.265
-0.275
-0.27
-0.28
-0.28
-0.28
-0.28
-0.26
-0.24
-0.24
-0.245
-0.23
-0.22
-0.17
-0.08
0.045
0.225
0.425
0.645
0.85
1.045
1.22
1.39
1.565
1.68
1.75
1.755
1.705
1.59
1.395
1.13
0.8
0.465
0.185
-0.035
-0.155
-0.2
-0.235
-0.245
-0.265
-0.295
-0.33
-0.38
-0.43
-0.455
-0.445
-0.47
-0.455
-0.45
-0.45
-0.465
-0.47
-0.485
-0.49
-0.5
-0.485
-0.485
-0.49
-0.475
-0.49
-0.5
-0.495
-0.505
-0.505
-0.505
-0.52
-0.525
-0.52
-0.505
-0.515
-0.51
-0.515
-0.53
-0.55
-0.55
-0.575
-0.575
-0.58
-0.595
-0.595
-0.6
-0.61
-0.62
-0.645
-0.66
-0.66
-0.675
-0.675
-0.68
-0.7
-0.73
-0.745
-0.755
-0.73
-0.715
-0.715
-0.73
-0.775
-0.815
-0.835
-0.855
-0.835
-0.805
-0.765
-0.72
-0.7
-0.73
-0.745
-0.76
-0.76
-0.73
-0.7
-0.63
-0.58
-0.51
-0.465
-0.435
-0.44
-0.435
-0.45
-0.46
-0.46
-0.455
-0.43
-0.385
-0.34
-0.305
-0.305
-0.345
-0.38
-0.425
-0.42
-0.4
-0.375
-0.315
-0.27
-0.235
-0.225
-0.195
-0.17
-0.115
-0.045
0.02
0.115
0.215
0.31
0.42
0.515
0.59
0.605
0.53
0.325
0.0
-0.39
-0.825
-1.225
-1.545
-1.77
-1.955
-2.11
-2.23
-2.325
-2.38
-2.405
-2.38
-2.36
-2.33
-2.29
-2.215
-2.115
-2.0
-1.855
-1.715
-1.615
-1.48
-1.395
-1.29
-1.2
-1.11
-1.025
-0.945
-0.895
-0.86
-0.85
-0.805
-0.755
-0.71
-0.625
-0.525
-0.395
-0.265
-0.175
-0.105
-0.065
-0.05
-0.04
-0.02
-0.01
0.025
0.025
0.015
0.03
0.025
0.02
0.03
0.045
0.065
0.07
0.08
0.075
0.085
0.115
0.135
0.16
0.175
0.21
0.21
0.215
0.225
0.24
0.265
0.29
0.315
0.34
0.37
0.395
0.415
0.45
0.485
0.495
0.505
0.52
0.54
0.55
0.59
0.6
0.625
0.645
0.655
0.66
0.66
0.635
0.625
0.605
0.575
0.56
0.555
0.535
0.52
0.49
0.45
0.4
0.35
0.31
0.255
0.215
0.185
0.14
0.105
0.075
0.04
0.005
-0.035
-0.055
-0.085
-0.115
-0.14
-0.165
-0.195
-0.2
-0.215
-0.225
-0.22
-0.225
-0.23
-0.235
-0.255
-0.27
-0.285
-0.29
-0.3
-0.295
-0.29
-0.28
-0.265
-0.25
-0.26
-0.265
-0.28
-0.28
-0.295
-0.29
-0.285
-0.29
-0.27
-0.28
-0.28
-0.265
-0.275
-0.285
-0.305
-0.305
-0.3
-0.31
-0.295
-0.28
-0.28
-0.285
-0.275
-0.29
-0.3
-0.31
-0.31
-0.325
-0.335
-0.34
-0.335
-0.335
-0.33
-0.305
-0.285
-0.285
-0.29
-0.31
-0.315
-0.335
-0.345
-0.335
-0.335
-0.325
-0.33
-0.31
-0.31
-0.31
-0.315
-0.33
-0.32
-0.33
-0.325
-0.325
-0.33
-0.325
-0.315
-0.315
-0.31
-0.32
-0.335
-0.335
-0.325
-0.335
-0.345
-0.345
-0.355
-0.35
-0.345
-0.345
-0.335
-0.32
-0.34
-0.335
-0.34
-0.345
-0.36
-0.365
-0.36
-0.35
-0.345
-0.33
-0.32
-0.32
-0.32
-0.32
-0.31
-0.305
-0.3
-0.29
-0.285
-0.265
-0.24
-0.235
-0.215
-0.19
-0.2
-0.18
-0.175
-0.155
-0.13
-0.1
-0.06
-0.045
-0.04
-0.04
-0.05
-0.07
-0.08
-0.085
-0.085
-0.075
-0.075
-0.095
-0.125
-0.145
-0.185
-0.205
-0.24
-0.26
-0.275
-0.285
-0.29
-0.305
-0.32
-0.345
-0.365
-0.375
-0.39
-0.37
-0.37
-0.345
-0.35
-0.35
-0.35
-0.35
-0.355
-0.36
-0.35
-0.345
-0.3
-0.23
-0.09
0.11
0.355
0.615
0.85
1.07
1.28
1.47
1.61
1.71
1.725
1.655
1.485
1.19
0.815
0.425
0.095
-0.14
-0.255
-0.295
-0.315
-0.305
-0.325
-0.35
-0.395
-0.44
-0.465
-0.475
-0.465
-0.47
-0.485
-0.485
-0.495
-0.505
-0.515
-0.52
-0.515
-0.505
-0.505
-0.505
-0.505
-0.51
-0.515
-0.525
-0.535
-0.53
-0.535
-0.535
-0.54
-0.53
-0.53
-0.53
-0.535
-0.55
-0.545
-0.565
-0.555
-0.56
-0.56
-0.565
-0.565
-0.55
-0.57
-0.56
-0.565
-0.585
-0.595
-0.615
-0.625
-0.645
-0.65
-0.665
-0.675
-0.69
-0.7
-0.725
-0.725
-0.735
-0.755
-0.775
-0.8
-0.815
-0.82
-0.825
-0.83
-0.83
-0.84
-0.84
-0.845
-0.84
-0.85
-0.855
-0.845
-0.825
-0.8
-0.775
-0.755
-0.725
-0.695
-0.68
-0.64
-0.625
-0.59
-0.565
-0.53
-0.495
-0.47
-0.44
-0.4
-0.36
-0.325
-0.3
-0.28
-0.275
-0.255
-0.255
-0.26
-0.245
-0.245
-0.23
-0.215
-0.2
-0.195
-0.19
-0.195
-0.195
-0.195
-0.2
-0.195
-0.2
-0.18
-0.18
-0.165
-0.16
-0.165
-0.17
-0.175
-0.16
-0.175
-0.175
-0.175
-0.16
-0.145
-0.135
-0.13
-0.125
-0.14
-0.135
-0.135
-0.13
-0.115
-0.105
-0.09
-0.07
-0.05
-0.025
-0.005
0.02
0.035
0.06
0.08
0.105
0.145
0.18
0.23
0.27
0.29
0.31
0.32
0.33
0.33
0.345
0.37
0.415
0.465
0.53
0.595
0.66
0.725
0.795
0.85
0.915
0.97
1.045
1.12
1.205
1.295
1.39
1.475
1.55
1.625
1.675
1.71
1.695
1.63
1.46
1.19
0.82
0.385
-0.055
-0.465
-0.795
-1.02
-1.12
-1.16
-1.11
-1.035
-0.96
-0.895
-0.855
-0.825
-0.78
-0.73
-0.65
-0.565
-0.455
-0.355
-0.235
-0.17
-0.125
-0.135
-0.12
-0.135
-0.15
-0.155
-0.17
-0.15
-0.13
-0.1
-0.085
-0.09
-0.09
-0.09
-0.105
-0.105
-0.115
-0.12
-0.11
-0.08
-0.08
-0.07
-0.075
-0.07
-0.08
-0.075
-0.08
-0.08
-0.075
-0.085
-0.075
-0.065
-0.07
-0.065
-0.05
-0.04
-0.04
-0.035
-0.03
-0.035
-0.035
-0.02
-0.03
-0.01
0.01
0.02
0.04
0.06
0.08
0.07
0.075
0.095
0.1
0.125
0.14
0.18
0.205
0.23
0.25
0.275
0.29
0.31
0.315
0.315
0.32
0.325
0.34
0.345
0.35
0.355
0.37
0.35
0.34
0.32
0.31
0.295
0.285
0.28
0.28
0.275
0.265
0.265
0.26
0.26
0.25
0.235
0.24
0.245
0.24
0.245
0.24
0.245
0.26
0.255
0.25
0.25
0.245
