Lead II
0.25
0.27
0.26
0.26
0.26
0.29
0.33
0.335
0.355
0.35
0.355
0.365
0.38
0.365
0.375
0.335
0.34
0.335
0.335
0.305
0.26
0.21
0.19
0.17
0.155
0.145
0.105
0.08
0.045
0.035
0.025
-0.005
-0.035
-0.06
-0.075
-0.08
-0.075
-0.085
-0.115
-0.14
-0.155
-0.155
-0.15
-0.13
-0.14
-0.16
-0.165
-0.17
-0.175
-0.165
-0.19
-0.205
-0.185
-0.19
-0.165
-0.145
-0.155
-0.17
-0.185
-0.185
-0.175
-0.165
-0.16
-0.165
-0.175
-0.165
-0.15
-0.135
-0.145
-0.165
-0.19
-0.17
-0.155
-0.15
-0.15
-0.17
-0.18
-0.19
-0.19
-0.19
-0.185
-0.18
-0.175
-0.15
-0.12
-0.1
-0.085
-0.1
-0.095
-0.09
-0.08
-0.03
-0.01
0.005
0.03
0.045
0.045
0.04
0.04
0.02
0.02
0.005
0.02
-0.005
-0.035
-0.105
-0.16
-0.18
-0.195
-0.205
-0.215
-0.23
-0.245
-0.24
-0.235
-0.25
-0.27
-0.295
-0.31
-0.295
-0.275
-0.275
-0.275
-0.3
-0.32
-0.32
-0.325
-0.3
-0.305
-0.335
-0.31
-0.3
-0.285
-0.26
-0.28
-0.295
-0.3
-0.265
-0.205
-0.145
-0.045
0.08
0.265
0.5
0.745
0.945
1.1
1.16
1.035
0.72
0.285
-0.125
-0.46
-0.61
-0.595
-0.495
-0.44
-0.46
-0.52
-0.545
-0.575
-0.595
-0.62
-0.625
-0.645
-0.655
-0.655
-0.645
-0.645
-0.655
-0.645
-0.64
-0.625
-0.575
-0.515
-0.475
-0.455
-0.415
-0.34
-0.255
-0.185
-0.15
-0.145
-0.14
-0.135
-0.115
-0.1
-0.065
-0.065
-0.065
-0.07
-0.045
-0.035
-0.025
-0.035
-0.035
-0.035
-0.015
0.01
0.03
0.025
0.005
0.0
0.015
0.035
0.06
0.065
0.07
0.085
0.08
0.1
0.12
0.12
0.12
0.12
0.155
0.175
0.19
0.2
0.19
0.19
0.2
0.215
0.245
0.25
0.26
0.26
0.28
0.295
0.305
0.28
0.27
0.265
0.265
0.27
0.26
0.25
0.21
0.175
0.155
0.14
0.125
0.105
0.065
0.045
0.025
0.02
0.005
-0.02
-0.06
-0.09
-0.09
-0.11
-0.125
-0.135
-0.15
-0.16
-0.16
-0.175
-0.175
-0.2
-0.22
-0.22
-0.21
-0.19
-0.19
-0.2
-0.225
-0.245
-0.24
-0.225
-0.225
-0.235
-0.235
-0.225
-0.205
-0.2
-0.195
-0.23
-0.27
-0.265
-0.245
-0.22
-0.2
-0.2
-0.23
-0.24
-0.24
-0.24
-0.235
-0.245
-0.24
-0.225
-0.205
-0.195
-0.175
-0.17
-0.19
-0.175
-0.16
-0.135
-0.105
-0.095
-0.09
-0.08
-0.055
-0.025
-0.01
-0.015
-0.03
-0.03
-0.02
-0.015
-0.01
-0.035
-0.07
-0.125
-0.16
-0.19
-0.22
-0.245
-0.26
-0.29
-0.285
-0.29
-0.305
-0.32
-0.355
-0.345
-0.335
-0.31
-0.305
-0.31
-0.335
-0.355
-0.36
-0.345
-0.34
-0.35
-0.365
-0.355
-0.345
-0.32
-0.325
-0.33
-0.335
-0.34
-0.325
-0.315
-0.3
-0.295
-0.3
-0.27
-0.19
-0.085
0.03
0.195
0.42
0.655
0.88
1.07
1.13
0.99
0.64
0.18
-0.21
-0.505
-0.63
-0.615
-0.555
-0.515
-0.54
-0.57
-0.615
-0.67
-0.715
-0.745
-0.75
-0.71
-0.675
-0.675
-0.7
-0.715
-0.735
-0.74
-0.72
-0.7
-0.67
-0.64
-0.6
-0.55
-0.505
-0.46
-0.425
-0.385
-0.315
-0.26
-0.23
-0.22
-0.23
-0.215
-0.2
-0.155
-0.135
-0.14
-0.155
-0.165
-0.145
-0.115
-0.1
-0.11
-0.12
-0.12
-0.105
-0.085
-0.065
-0.085
-0.095
-0.08
-0.055
-0.035
-0.01
-0.025
-0.03
-0.025
-0.02
0.015
0.03
0.035
0.02
0.025
0.055
0.085
0.095
0.11
0.085
0.09
0.105
0.14
0.17
0.18
0.17
0.155
0.18
0.205
0.22
0.225
0.21
0.215
0.21
0.235
0.24
0.215
0.195
0.17
0.15
0.145
0.115
0.09
0.055
0.035
0.005
0.0
-0.015
-0.055
-0.1
-0.135
-0.155
-0.165
-0.165
-0.195
-0.215
-0.24
-0.265
-0.24
-0.27
-0.275
-0.305
-0.31
-0.305
-0.29
-0.285
-0.285
-0.295
-0.32
-0.335
-0.335
-0.32
-0.33
-0.34
-0.34
-0.32
-0.305
-0.295
-0.35
-0.36
-0.345
-0.35
-0.325
-0.33
-0.315
-0.32
-0.335
-0.33
-0.315
-0.315
-0.32
-0.34
-0.335
-0.32
-0.295
-0.265
-0.28
-0.26
-0.245
-0.235
-0.205
-0.205
-0.2
-0.19
-0.185
-0.145
-0.12
-0.09
-0.085
-0.105
-0.12
-0.115
-0.1
-0.09
-0.09
-0.12
-0.145
-0.16
-0.185
-0.21
-0.25
-0.31
-0.345
-0.345
-0.335
-0.34
-0.365
-0.4
-0.41
-0.415
-0.42
-0.415
-0.44
-0.445
-0.45
-0.445
-0.425
-0.42
-0.445
-0.48
-0.485
-0.505
-0.475
-0.44
-0.44
-0.45
-0.455
-0.445
-0.425
-0.435
-0.445
-0.43
-0.42
-0.415
-0.365
-0.29
-0.21
-0.075
0.105
0.34
0.595
0.83
1.01
1.09
1.02
0.74
0.335
-0.115
-0.49
-0.725
-0.765
-0.695
-0.615
-0.585
-0.63
-0.685
-0.725
-0.755
-0.775
-0.805
-0.815
-0.8
-0.79
-0.79
-0.77
-0.79
-0.8
-0.825
-0.81
-0.78
-0.715
-0.665
-0.625
-0.595
-0.545
-0.49
-0.415
-0.345
-0.32
-0.315
-0.3
-0.285
-0.245
-0.24
-0.22
-0.24
-0.24
-0.24
-0.22
-0.185
-0.175
-0.18
-0.195
-0.185
-0.18
-0.155
-0.17
-0.185
-0.19
-0.165
-0.14
-0.125
-0.11
-0.105
-0.115
-0.09
-0.08
-0.08
-0.075
-0.06
-0.045
-0.015
0.015
0.02
0.015
0.005
0.015
0.02
0.06
0.08
0.085
0.06
0.08
0.105
0.12
0.14
0.135
0.125
0.11
0.13
0.155
0.145
0.12
0.085
0.055
0.035
0.02
0.025
-0.015
-0.04
-0.06
-0.07
-0.08
-0.09
-0.13
-0.18
-0.2
-0.21
-0.21
-0.205
-0.23
-0.27
-0.29
-0.315
-0.32
-0.315
-0.32
-0.33
-0.35
-0.34
-0.32
-0.33
-0.34
-0.37
-0.375
-0.375
-0.36
-0.34
-0.35
-0.36
-0.375
-0.38
-0.365
-0.355
-0.36
-0.37
-0.37
-0.36
-0.34
-0.325
-0.325
-0.345
-0.36
-0.345
-0.335
-0.32
-0.3
-0.275
-0.275
-0.24
-0.215
-0.205
-0.22
-0.23
-0.215
-0.175
-0.135
-0.11
-0.115
-0.11
-0.125
-0.12
-0.105
-0.105
-0.11
-0.145
-0.16
-0.17
-0.17
-0.19
-0.235
-0.29
-0.345
-0.365
-0.36
-0.37
-0.37
-0.385
-0.395
-0.405
-0.395
-0.4
-0.415
-0.43
-0.46
-0.45
-0.425
-0.42
-0.425
-0.445
-0.45
-0.445
-0.455
-0.45
-0.45
-0.46
-0.455
-0.44
-0.415
-0.39
-0.395
-0.4
-0.4
-0.395
-0.37
-0.345
-0.305
-0.245
-0.145
0.005
0.19
0.46
0.695
0.92
1.06
1.11
1.01
0.69
0.24
-0.195
-0.53
-0.685
-0.685
-0.595
-0.58
-0.62
-0.65
-0.66
-0.67
-0.69
-0.735
-0.76
-0.765
-0.745
-0.715
-0.705
-0.745
-0.77
-0.775
-0.755
-0.715
-0.68
-0.66
-0.635
-0.625
-0.57
-0.5
-0.445
-0.385
-0.345
-0.32
-0.265
-0.24
-0.215
-0.18
-0.19
-0.2
-0.2
-0.175
-0.165
-0.16
-0.155
-0.16
-0.15
-0.15
-0.115
-0.11
-0.115
-0.11
-0.095
-0.085
-0.065
-0.05
-0.065
-0.065
-0.06
-0.05
-0.02
-0.015
-0.015
0.0
0.03
0.04
0.06
0.055
0.055
0.06
0.095
0.125
0.145
0.145
0.125
0.12
0.145
0.165
0.185
0.195
0.2
0.195
0.215
0.235
0.24
0.215
0.21
0.19
0.18
0.19
0.195
0.18
0.155
0.11
0.1
0.085
0.06
0.03
0.0
-0.02
-0.025
-0.035
-0.045
-0.055
-0.1
-0.13
-0.155
-0.165
-0.16
-0.17
-0.215
-0.21
-0.21
-0.22
-0.215
-0.255
-0.275
-0.285
-0.285
-0.26
-0.235
-0.245
-0.265
-0.275
-0.29
-0.285
-0.27
-0.275
-0.285
-0.3
-0.26
-0.245
-0.23
-0.23
-0.27
-0.285
-0.28
-0.265
-0.245
-0.24
-0.25
-0.26
-0.25
-0.215
-0.2
-0.2
-0.19
-0.185
-0.165
-0.115
-0.075
-0.09
-0.095
-0.09
-0.075
-0.05
-0.035
-0.04
-0.04
-0.04
-0.025
-0.015
0.0
-0.035
-0.08
-0.12
-0.15
-0.16
-0.16
-0.2
-0.25
-0.265
-0.28
-0.28
-0.29
-0.305
-0.34
-0.35
-0.34
-0.33
-0.335
-0.34
-0.365
-0.385
-0.38
-0.37
-0.36
-0.365
-0.38
-0.4
-0.37
-0.37
-0.365
-0.37
-0.38
-0.39
-0.395
-0.35
-0.325
-0.305
-0.31
-0.31
-0.26
-0.2
-0.09
0.045
0.23
0.46
0.745
0.97
1.15
1.18
1.03
0.685
0.24
-0.185
-0.48
-0.665
-0.705
-0.655
-0.605
-0.58
-0.605
-0.66
-0.675
-0.73
-0.75
-0.75
-0.735
-0.71
-0.705
-0.725
-0.74
-0.76
-0.765
-0.77
-0.75
-0.705
-0.635
-0.585
-0.545
-0.51
-0.48
-0.445
-0.395
-0.335
-0.275
-0.265
-0.235
-0.23
-0.205
-0.19
-0.175
-0.17
-0.19
-0.19
-0.165
-0.15
-0.12
-0.125
-0.12
-0.115
-0.1
-0.09
-0.08
-0.09
-0.07
-0.075
-0.05
-0.015
-0.005
-0.01
-0.01
-0.015
0.0
0.025
0.035
0.04
0.06
0.08
0.09
0.11
0.125
0.125
0.12
0.13
0.14
0.165
0.205
0.195
0.2
0.195
0.205
0.225
0.235
0.235
0.235
0.245
0.245
0.26
0.265
0.235
0.21
0.175
0.16
0.145
0.13
0.115
0.08
0.04
0.015
0.0
-0.035
-0.075
-0.11
-0.125
-0.13
-0.125
-0.13
-0.145
-0.155
-0.185
-0.21
-0.23
-0.24
-0.26
-0.295
-0.3
-0.295
-0.275
-0.27
-0.29
-0.32
-0.345
-0.365
-0.335
-0.325
-0.33
-0.325
-0.34
-0.35
-0.31
-0.305
-0.325
-0.335
-0.345
-0.33
-0.305
-0.295
-0.3
-0.32
-0.31
-0.315
-0.295
-0.285
-0.3
-0.305
-0.31
-0.305
-0.3
-0.28
-0.285
-0.29
-0.295
-0.295
-0.27
-0.25
-0.245
-0.24
-0.24
-0.21
-0.19
-0.16
-0.165
-0.185
-0.175
-0.165
-0.145
-0.105
-0.09
-0.075
-0.065
-0.065
-0.055
-0.055
-0.07
-0.09
-0.11
-0.11
-0.13
-0.12
-0.16
-0.205
-0.255
-0.29
-0.305
-0.29
-0.32
-0.33
-0.345
-0.34
-0.34
-0.32
-0.335
-0.365
-0.405
-0.415
-0.4
-0.37
-0.365
-0.37
-0.385
-0.375
-0.365
-0.37
-0.37
-0.4
-0.405
-0.385
-0.345
-0.335
-0.33
-0.34
-0.35
-0.32
-0.295
-0.265
-0.235
-0.17
-0.05
0.12
0.34
0.59
0.815
1.01
1.15
1.175
0.98
0.63
0.145
-0.29
-0.585
-0.705
-0.68
-0.59
-0.58
-0.615
-0.655
-0.67
-0.705
-0.705
-0.73
-0.73
-0.72
-0.72
-0.71
-0.71
-0.72
-0.74
-0.72
-0.675
-0.605
-0.575
-0.565
-0.545
-0.51
-0.46
-0.37
-0.29
-0.25
-0.23
-0.23
-0.225
-0.21
-0.2
-0.19
-0.18
-0.17
-0.155
-0.12
-0.1
-0.1
-0.11
-0.125
-0.11
-0.095
-0.08
-0.065
-0.075
-0.065
-0.06
-0.04
-0.025
-0.015
-0.02
-0.03
-0.005
0.005
0.05
0.05
0.045
0.055
0.065
0.09
0.115
0.135
0.135
0.135
0.165
0.195
0.195
0.195
0.2
0.2
0.23
0.24
0.255
0.265
0.26
0.24
0.225
0.215
0.21
0.205
0.185
0.145
0.13
0.09
0.07
0.035
0.0
-0.04
-0.045
-0.045
-0.045
-0.08
-0.12
-0.165
-0.19
-0.195
-0.195
-0.21
-0.23
-0.25
-0.255
-0.265
-0.3
-0.32
-0.33
-0.33
-0.315
-0.305
-0.305
-0.31
-0.32
-0.335
-0.35
-0.34
-0.335
-0.355
-0.36
-0.38
-0.38
-0.335
-0.32
-0.32
-0.345
-0.365
-0.37
-0.355
-0.335
-0.35
-0.355
-0.375
-0.365
-0.345
-0.35
-0.355
-0.37
-0.38
-0.36
-0.34
-0.34
-0.355
-0.38
-0.385
-0.385
-0.385
-0.38
-0.375
-0.375
-0.345
-0.32
-0.295
-0.265
-0.275
-0.285
-0.29
-0.265
-0.235
-0.21
-0.18
-0.175
-0.155
-0.145
-0.145
-0.135
-0.135
-0.155
-0.17
-0.165
-0.155
-0.16
-0.215
-0.255
-0.295
-0.315
-0.33
-0.36
-0.375
-0.41
-0.43
-0.425
-0.41
-0.4
-0.425
-0.44
-0.465
-0.465
-0.465
-0.46
-0.455
-0.45
-0.475
-0.49
-0.48
-0.49
-0.47
-0.49
-0.49
-0.48
-0.45
-0.44
-0.465
-0.47
-0.49
-0.465
-0.425
-0.395
-0.355
-0.305
-0.225
-0.07
0.13
0.355
0.595
0.81
0.975
1.045
0.92
0.56
0.1
-0.355
-0.665
-0.84
-0.825
-0.73
-0.7
-0.7
-0.725
-0.725
-0.755
-0.765
-0.815
-0.835
-0.825
-0.8
-0.785
-0.775
-0.795
-0.82
-0.825
-0.795
-0.75
-0.72
-0.7
-0.68
-0.655
-0.605
-0.525
-0.43
-0.385
-0.375
-0.38
-0.37
-0.335
-0.32
-0.31
-0.305
-0.305
-0.295
-0.285
-0.255
-0.27
-0.28
-0.285
-0.27
-0.25
-0.22
-0.21
-0.22
-0.225
-0.225
-0.215
-0.2
-0.215
-0.21
-0.195
-0.17
-0.145
-0.105
-0.1
-0.105
-0.11
-0.1
-0.065
-0.04
-0.035
-0.03
-0.025
-0.015
0.005
0.015
0.01
0.02
0.03
0.065
0.095
0.11
0.125
0.095
0.09
0.115
0.115
0.105
0.095
0.08
0.05
0.025
0.015
-0.005
-0.05
-0.075
-0.09
-0.1
-0.115
-0.135
-0.17
-0.21
-0.24
-0.265
-0.275
-0.275
-0.3
-0.32
-0.355
-0.36
-0.36
-0.365
-0.395
-0.43
-0.44
-0.445
-0.45
-0.43
-0.43
-0.44
-0.46
-0.475
-0.46
-0.46
-0.46
-0.47
-0.455
-0.445
-0.445
-0.445
-0.46
-0.485
-0.495
-0.49
-0.465
-0.435
-0.435
-0.445
-0.45
-0.465
-0.455
-0.44
-0.435
-0.45
-0.46
-0.45
-0.435
-0.425
-0.45
-0.45
-0.465
-0.46
-0.45
-0.42
-0.435
-0.45
-0.47
-0.45
-0.44
-0.42
-0.43
-0.435
-0.41
-0.385
-0.365
-0.35
-0.365
-0.355
-0.35
-0.32
-0.305
-0.275
-0.255
-0.255
-0.235
-0.225
-0.215
-0.225
-0.25
-0.28
-0.305
-0.315
-0.335
-0.355
-0.405
-0.465
-0.505
-0.51
-0.505
-0.49
-0.505
-0.51
-0.53
-0.535
-0.535
-0.55
-0.575
-0.58
-0.575
-0.57
-0.54
-0.545
-0.55
-0.56
-0.58
-0.59
-0.575
-0.545
-0.54
-0.54
-0.54
-0.52
-0.495
-0.465
-0.45
-0.42
-0.37
-0.245
-0.07
0.16
0.4
0.66
0.875
1.0
0.92
0.63
0.15
-0.335
-0.675
-0.855
-0.835
-0.73
-0.695
-0.755
-0.805
-0.84
-0.85
-0.84
-0.86
-0.87
-0.865
-0.86
-0.855
-0.855
-0.875
-0.89
-0.9
-0.88
-0.835
-0.79
-0.77
-0.75
-0.705
-0.635
-0.555
-0.475
-0.435
-0.395
-0.39
-0.375
-0.35
-0.335
-0.34
-0.34
-0.33
-0.315
-0.285
-0.265
-0.27
-0.29
-0.295
-0.295
-0.28
-0.26
-0.245
-0.27
-0.265
-0.24
-0.22
-0.185
-0.19
-0.195
-0.19
-0.18
-0.17
-0.14
-0.15
-0.12
-0.1
-0.08
-0.065
-0.075
-0.05
-0.055
-0.03
-0.03
-0.005
0.005
0.01
0.01
0.025
0.035
0.07
0.095
0.1
0.1
0.1
0.1
0.085
0.09
0.065
0.05
0.02
0.0
-0.02
-0.02
-0.04
-0.07
-0.115
-0.155
-0.175
-0.185
-0.2
-0.225
-0.275
-0.31
-0.335
-0.35
-0.375
-0.4
-0.395
-0.39
-0.39
-0.385
-0.395
-0.43
-0.455
-0.465
-0.475
-0.445
-0.435
-0.455
-0.47
-0.47
-0.45
-0.445
-0.45
-0.46
-0.47
-0.46
-0.475
-0.425
-0.415
-0.425
-0.44
-0.45
-0.445
-0.41
-0.405
-0.4
-0.41
-0.41
-0.41
-0.41
-0.43
-0.425
-0.44
-0.45
-0.425
-0.4
-0.4
-0.4
-0.425
-0.435
-0.44
-0.45
-0.44
-0.445
-0.44
-0.43
-0.41
-0.405
-0.445
-0.465
-0.485
-0.45
-0.435
-0.425
-0.45
-0.44
-0.44
-0.405
-0.38
-0.34
-0.34
-0.35
-0.35
-0.32
-0.28
-0.25
-0.225
-0.225
-0.23
-0.22
-0.195
-0.16
-0.16
-0.2
-0.225
-0.255
-0.285
-0.335
-0.36
-0.41
-0.425
-0.415
-0.405
-0.395
-0.42
-0.44
-0.47
-0.455
-0.455
-0.455
-0.47
-0.48
-0.485
-0.49
-0.47
-0.455
-0.46
-0.485
-0.485
-0.495
-0.485
-0.5
-0.495
-0.475
-0.48
-0.48
-0.47
-0.45
-0.435
-0.415
-0.38
-0.31
-0.23
-0.11
0.055
0.27
0.525
0.795
1.055
1.215
1.165
0.88
0.395
-0.135
-0.555
-0.77
-0.805
-0.74
-0.695
-0.68
-0.695
-0.695
-0.73
-0.79
-0.835
-0.835
-0.795
-0.755
-0.77
-0.785
-0.81
-0.83
-0.825
-0.78
-0.74
-0.72
-0.67
-0.61
-0.51
-0.43
-0.385
-0.345
-0.33
-0.295
-0.27
-0.24
-0.23
-0.22
-0.205
-0.18
-0.175
-0.18
-0.19
-0.2
-0.205
-0.195
-0.17
-0.13
-0.12
-0.14
-0.145
-0.135
-0.105
-0.08
-0.08
-0.075
-0.065
-0.065
-0.065
-0.05
-0.035
-0.035
-0.005
0.01
0.035
0.04
0.06
0.075
0.065
0.075
0.095
0.13
0.15
0.155
0.17
0.19
0.2
0.2
0.205
0.205
0.2
0.21
0.22
0.215
0.19
0.165
0.13
0.13
0.115
0.095
0.035
-0.025
-0.06
-0.065
-0.05
-0.09
-0.12
-0.16
-0.21
-0.195
-0.195
-0.19
-0.235
-0.265
-0.29
-0.28
-0.295
-0.285
-0.3
-0.315
-0.35
-0.34
-0.34
-0.3
-0.31
-0.335
-0.355
-0.375
-0.35
-0.33
-0.33
-0.365
-0.35
-0.315
-0.305
-0.305
-0.345
-0.37
-0.37
-0.34
-0.34
-0.32
-0.325
-0.345
-0.35
-0.35
-0.36
-0.315
-0.325
-0.335
-0.345
-0.35
-0.35
-0.345
-0.355
-0.355
-0.36
-0.345
-0.32
-0.325
-0.345
-0.365
-0.375
-0.36
-0.36
-0.34
-0.335
-0.355
-0.37
-0.385
-0.38
-0.335
-0.33
-0.325
-0.305
-0.275
-0.23
-0.2
-0.21
-0.225
-0.22
-0.195
-0.16
-0.14
-0.11
-0.11
-0.13
-0.13
-0.12
-0.115
-0.105
-0.105
-0.15
-0.2
-0.23
-0.255
-0.295
-0.33
-0.36
-0.375
-0.375
-0.375
-0.375
-0.38
-0.4
-0.41
-0.425
-0.405
-0.375
-0.345
-0.34
-0.38
-0.425
-0.44
-0.42
-0.405
-0.435
-0.455
-0.43
-0.385
-0.375
-0.41
-0.435
-0.435
-0.39
-0.355
-0.36
-0.345
-0.28
-0.16
0.015
0.2
0.445
0.7
0.95
1.15
1.255
1.185
0.88
0.46
0.015
-0.375
-0.655
-0.765
-0.72
-0.64
-0.62
-0.66
-0.69
-0.705
-0.735
-0.77
-0.81
-0.795
-0.76
-0.755
-0.755
-0.745
-0.725
-0.685
-0.635
-0.61
-0.59
-0.575
-0.56
-0.55
-0.525
-0.475
-0.39
-0.3
-0.25
-0.265
-0.28
-0.3
-0.31
-0.25
-0.225
-0.24
-0.255
-0.265
-0.245
-0.24
-0.225
-0.2
-0.23
-0.23
-0.205
-0.165
-0.155
-0.145
-0.16
-0.185
-0.18
-0.17
-0.155
-0.11
-0.055
-0.01
-0.005
-0.025
-0.04
-0.005
0.05
0.075
0.005
-0.12
-0.2
-0.155
-0.07
-0.015
-0.04
-0.07
-0.04
0.035
0.08
0.075
0.015
-0.04
-0.05
-0.02
-0.02
-0.035
-0.045
-0.045
-0.065
-0.1
-0.145
-0.2
-0.235
-0.28
-0.295
-0.295
-0.31
-0.345
-0.38
-0.41
-0.435
-0.435
-0.435
-0.44
-0.455
-0.465
-0.485
-0.49
-0.515
-0.525
-0.55
-0.555
-0.565
-0.565
-0.56
-0.555
-0.575
-0.575
-0.58
-0.57
-0.55
-0.55
-0.57
-0.57
-0.575
-0.565
-0.54
-0.495
-0.485
-0.51
-0.535
-0.56
-0.53
-0.51
-0.52
-0.515
-0.52
-0.51
-0.49
-0.465
-0.47
-0.47
-0.49
-0.48
-0.46
-0.44
-0.445
-0.46
-0.475
-0.475
-0.475
-0.455
-0.445
-0.455
-0.47
-0.475
-0.465
-0.44
-0.445
-0.455
-0.475
-0.465
-0.46
-0.435
-0.445
-0.455
-0.445
-0.425
-0.4
-0.385
-0.38
-0.38
-0.365
-0.325
-0.28
-0.245
-0.22
-0.21
-0.225
-0.195
-0.175
-0.145
-0.13
-0.11
-0.135
-0.18
-0.235
-0.28
-0.305
-0.32
-0.35
-0.375
-0.385
-0.395
-0.44
-0.46
-0.465
-0.46
-0.46
-0.455
-0.46
-0.505
-0.555
-0.525
-0.505
-0.48
-0.505
-0.515
-0.53
-0.535
-0.52
-0.505
-0.505
-0.505
-0.505
-0.5
-0.49
-0.475
-0.47
-0.47
-0.465
-0.425
-0.375
-0.305
-0.21
-0.095
0.085
0.32
0.6
0.87
1.03
1.025
0.8
0.365
-0.115
-0.505
-0.76
-0.82
-0.755
-0.685
-0.67
-0.695
-0.74
-0.805
-0.835
-0.86
-0.835
-0.83
-0.82
-0.83
-0.855
-0.865
-0.875
-0.865
-0.865
-0.855
-0.82
-0.75
-0.705
-0.65
-0.605
-0.56
-0.52
-0.465
-0.42
-0.385
-0.38
-0.385
-0.37
-0.365
-0.345
-0.35
-0.355
-0.355
-0.355
-0.33
-0.315
-0.275
-0.29
-0.295
-0.3
-0.315
-0.29
-0.27
-0.26
-0.255
-0.255
-0.23
-0.21
-0.19
-0.195
-0.195
-0.195
-0.18
-0.175
-0.145
-0.12
-0.115
-0.115
-0.1
-0.085
-0.06
-0.055
-0.04
-0.04
-0.005
0.04
0.05
0.045
0.035
0.04
0.055
0.08
0.095
0.09
0.085
0.055
0.055
0.035
0.025
-0.01
-0.04
-0.07
-0.085
-0.095
-0.1
-0.15
-0.185
-0.23
-0.255
-0.265
-0.27
-0.285
-0.325
-0.34
-0.36
-0.365
-0.37
-0.395
-0.425
-0.45
-0.45
-0.445
-0.45
-0.465
-0.485
-0.48
-0.485
-0.48
-0.48
-0.505
-0.495
-0.49
-0.495
-0.48
-0.48
-0.48
-0.505
-0.515
-0.49
-0.475
-0.445
-0.445
-0.46
-0.47
-0.47
-0.48
-0.465
-0.47
-0.46
-0.47
-0.45
-0.42
-0.415
-0.415
-0.44
-0.475
-0.47
-0.455
-0.43
-0.43
-0.435
-0.445
-0.46
-0.445
-0.43
-0.435
-0.46
-0.46
-0.45
-0.42
-0.41
-0.405
-0.41
-0.395
-0.41
-0.375
-0.355
-0.35
-0.345
-0.33
-0.315
-0.285
-0.25
-0.23
-0.235
-0.235
-0.235
-0.235
-0.215
-0.21
-0.225
-0.235
-0.25
-0.265
-0.28
-0.325
-0.36
-0.405
-0.415
-0.405
-0.385
-0.41
-0.44
-0.485
-0.49
-0.465
-0.45
-0.455
-0.47
-0.485
-0.495
-0.475
-0.475
-0.49
-0.505
-0.505
-0.485
-0.48
-0.455
-0.465
-0.47
-0.485
-0.48
-0.475
-0.45
-0.44
-0.44
-0.425
-0.39
-0.345
-0.26
-0.165
-0.025
0.17
0.42
0.675
0.9
1.04
1.04
0.845
0.48
0.035
-0.365
-0.665
-0.82
-0.81
-0.745
-0.695
-0.68
-0.71
-0.75
-0.79
-0.82
-0.835
-0.835
-0.83
-0.825
-0.825
-0.815
-0.81
-0.805
-0.83
-0.85
-0.86
-0.815
-0.75
-0.705
-0.665
-0.625
-0.585
-0.515
-0.45
-0.37
-0.33
-0.325
-0.325
-0.31
-0.27
-0.235
-0.215
-0.23
-0.23
-0.22
-0.21
-0.19
-0.175
-0.18
-0.17
-0.155
-0.145
-0.13
-0.13
-0.125
-0.135
-0.13
-0.11
-0.08
-0.065
-0.08
-0.065
-0.04
-0.01
0.01
0.01
0.015
0.025
0.05
0.075
0.115
0.14
0.135
0.145
0.145
0.18
0.215
0.22
0.23
0.245
0.265
0.3
0.325
0.325
0.315
0.31
0.31
0.335
0.365
0.355
0.335
0.32
0.295
0.29
0.265
0.225
0.18
0.15
0.13
0.12
0.12
0.09
0.06
0.025
-0.005
-0.03
-0.045
-0.075
-0.09
-0.12
-0.12
-0.12
-0.14
-0.165
-0.18
-0.23
-0.225
-0.225
-0.21
-0.22
-0.235
-0.255
-0.245
-0.235
-0.225
-0.245
-0.25
-0.265
-0.25
-0.24
-0.21
-0.23
-0.225
-0.23
-0.23
-0.225
-0.21
-0.215
-0.22
-0.225
-0.22
-0.205
-0.18
-0.185
-0.205
-0.22
-0.22
-0.205
-0.18
-0.175
-0.18
-0.19
-0.18
-0.17
-0.16
-0.18
-0.195
-0.2
-0.2
-0.18
-0.155
-0.165
-0.175
-0.175
-0.16
-0.165
-0.12
-0.115
-0.1
-0.095
-0.085
-0.06
-0.03
-0.03
-0.035
-0.03
-0.01
0.025
0.06
0.07
0.06
0.035
0.035
0.055
0.045
0.025
0.015
-0.025
-0.05
-0.065
-0.06
-0.095
-0.13
-0.165
-0.18
-0.19
-0.18
-0.2
-0.22
-0.225
-0.235
-0.235
-0.215
-0.215
-0.25
-0.265
-0.265
-0.26
-0.25
-0.26
-0.265
-0.275
-0.26
-0.245
-0.225
-0.225
-0.245
-0.255
-0.25
-0.225
-0.21
-0.2
-0.2
-0.185
-0.19
-0.15
-0.075
0.005
0.12
0.26
0.475
0.715
0.96
1.175
1.315
1.34
1.18
0.815
0.37
-0.105
-0.455
-0.6
-0.61
-0.525
-0.465
-0.475
-0.525
-0.55
-0.58
-0.59
-0.6
-0.625
-0.615
-0.605
-0.61
-0.6
-0.59
-0.61
-0.635
-0.65
-0.635
-0.585
-0.515
-0.49
-0.46
-0.435
-0.395
-0.32
-0.245
-0.2
-0.16
-0.145
-0.11
-0.09
-0.06
-0.07
-0.065
-0.07
-0.075
-0.045
-0.04
-0.02
-0.01
-0.015
-0.005
0.015
0.03
0.03
0.01
0.01
0.03
0.045
0.08
0.08
0.09
0.085
0.085
0.105
0.12
0.105
0.11
0.12
0.14
0.17
0.19
0.195
0.205
0.195
0.215
0.24
0.265
0.27
0.27
0.28
0.315
0.335
0.365
0.36
0.36
0.36
0.375
0.39
0.415
0.42
0.425
0.425
0.415
0.41
0.405
0.39
0.36
0.33
0.305
0.3
0.305
0.26
0.235
0.19
0.16
0.135
0.11
0.08
0.06
0.03
0.015
0.015
0.025
0.0
-0.035
-0.06
-0.08
-0.095
-0.08
-0.1
-0.115
-0.12
-0.135
-0.135
-0.12
-0.155
-0.18
-0.21
-0.205
-0.175
-0.17
-0.165
-0.19
-0.195
-0.205
-0.19
-0.18
-0.19
-0.2
-0.2
-0.19
-0.175
-0.15
-0.155
-0.165
-0.175
-0.175
-0.17
-0.15
-0.15
-0.155
-0.16
-0.16
-0.145
-0.125
-0.13
-0.165
-0.18
-0.175
-0.17
-0.135
-0.135
-0.145
-0.15
-0.155
-0.155
-0.165
-0.165
-0.175
-0.185
-0.185
-0.16
-0.145
-0.145
-0.15
-0.16
-0.135
-0.135
-0.095
-0.08
-0.075
-0.08
-0.05
-0.025
0.005
0.01
-0.005
0.0
0.015
0.045
0.075
0.085
0.07
0.075
0.08
0.065
0.065
0.045
0.015
-0.035
-0.07
-0.09
-0.095
-0.115
-0.15
-0.185
-0.215
-0.22
-0.21
-0.21
-0.235
-0.245
-0.245
-0.235
-0.225
-0.235
-0.26
-0.28
-0.28
-0.28
-0.265
-0.265
-0.275
-0.28
-0.275
-0.255
-0.24
-0.255
-0.265
-0.275
-0.265
-0.23
-0.21
-0.205
-0.205
-0.205
-0.17
-0.11
-0.02
0.095
0.245
0.445
0.675
0.925
1.16
1.31
1.335
1.155
0.79
0.335
-0.095
-0.425
-0.615
-0.62
-0.54
-0.47
-0.47
-0.515
-0.55
-0.585
-0.62
-0.64
-0.61
-0.605
-0.57
-0.575
-0.6
-0.6
-0.6
-0.625
-0.64
-0.61
-0.56
-0.505
-0.45
-0.425
-0.395
-0.36
-0.315
-0.24
-0.17
-0.13
-0.11
-0.115
-0.1
-0.09
-0.06
-0.065
-0.065
-0.075
-0.055
-0.035
-0.02
-0.01
-0.015
-0.015
0.0
0.015
0.025
0.035
0.025
0.01
0.0
0.035
0.07
0.08
0.08
0.075
0.075
0.085
0.13
0.135
0.135
0.14
0.16
0.19
0.22
0.225
0.22
0.215
0.225
0.255
0.29
0.31
0.315
0.315
0.325
0.345
0.36
0.375
0.38
0.375
0.395
0.42
0.435
0.425
0.405
0.38
0.365
0.355
0.355
0.325
0.29
0.255
0.23
0.215
0.2
0.175
0.13
0.09
0.045
0.035
0.045
0.015
-0.005
-0.03
-0.055
-0.065
-0.065
-0.085
-0.11
-0.135
-0.14
-0.135
-0.115
-0.125
-0.14
-0.17
-0.185
-0.185
-0.165
-0.165
-0.175
-0.17
-0.18
-0.16
-0.175
-0.17
-0.185
-0.205
-0.195
-0.18
-0.145
-0.15
-0.155
-0.175
-0.18
-0.175
-0.17
-0.175
-0.185
-0.2
-0.2
-0.16
-0.15
-0.145
-0.17
-0.185
-0.19
-0.195
-0.16
-0.155
-0.16
-0.17
-0.18
-0.17
-0.155
-0.175
-0.185
-0.2
-0.2
-0.19
-0.165
-0.15
-0.155
-0.18
-0.195
-0.185
-0.155
-0.145
-0.125
-0.125
-0.105
-0.08
-0.055
-0.05
-0.04
-0.045
-0.04
-0.025
0.03
0.035
0.05
0.055
0.06
0.06
0.06
0.045
0.02
-0.015
-0.03
-0.055
-0.075
-0.11
-0.14
-0.17
-0.18
-0.18
-0.19
-0.21
-0.235
-0.245
-0.235
-0.235
-0.225
-0.23
-0.245
-0.285
-0.285
-0.275
-0.255
-0.25
-0.26
-0.27
-0.27
-0.26
-0.265
-0.275
-0.28
-0.295
-0.27
-0.235
-0.225
-0.22
-0.225
-0.225
-0.19
-0.155
-0.065
0.035
0.17
0.355
0.57
0.805
1.035
1.205
1.285
1.165
0.855
0.41
-0.015
-0.375
-0.59
-0.645
-0.575
-0.51
-0.475
-0.525
-0.565
-0.615
-0.635
-0.65
-0.645
-0.645
-0.635
-0.64
-0.65
-0.66
-0.67
-0.68
-0.705
-0.68
-0.64
-0.595
-0.535
-0.5
-0.48
-0.45
-0.415
-0.335
-0.27
-0.22
-0.195
-0.18
-0.19
-0.155
-0.145
-0.135
-0.16
-0.15
-0.13
-0.115
-0.075
-0.065
-0.065
-0.075
-0.08
-0.065
-0.05
-0.04
-0.05
-0.055
-0.04
-0.015
-0.01
0.015
0.005
-0.01
-0.005
0.015
0.04
0.055
0.065
0.07
0.08
0.1
0.125
0.12
0.115
0.12
0.135
0.18
0.205
0.205
0.22
0.225
0.22
0.25
0.27
0.28
0.27
0.265
0.275
0.305
0.31
0.3
0.26
0.265
0.245
0.23
0.225
0.195
0.185
0.14
0.11
0.105
0.08
0.04
0.005
-0.025
-0.045
-0.045
-0.05
-0.065
-0.105
-0.14
-0.165
-0.18
-0.19
-0.2
-0.22
-0.25
-0.245
-0.255
-0.25
-0.265
-0.285
-0.3
-0.3
-0.3
-0.28
-0.265
-0.275
-0.3
-0.3
-0.325
-0.295
-0.275
-0.285
-0.3
-0.305
-0.3
-0.275
-0.28
-0.295
-0.32
-0.305
-0.305
-0.295
-0.295
-0.285
-0.3
-0.32
-0.315
-0.29
-0.305
-0.325
-0.33
-0.325
-0.3
-0.29
-0.29
-0.305
-0.335
-0.33
-0.345
-0.32
-0.32
-0.325
-0.34
-0.35
-0.32
-0.3
-0.29
-0.285
-0.305
-0.27
-0.24
-0.2
-0.19
-0.2
-0.205
-0.18
-0.145
-0.11
-0.095
-0.09
-0.1
-0.095
-0.085
-0.095
-0.115
-0.14
-0.19
-0.22
-0.24
-0.25
-0.29
-0.33
-0.35
-0.36
-0.375
-0.36
-0.385
-0.39
-0.415
-0.4
-0.4
-0.405
-0.42
-0.43
-0.455
-0.465
-0.44
-0.42
-0.415
-0.42
-0.42
-0.43
-0.445
-0.425
-0.415
-0.42
-0.425
-0.405
-0.39
-0.36
-0.32
-0.295
-0.225
-0.095
0.11
0.365
0.625
0.885
1.03
1.06
0.865
0.455
-0.085
-0.53
-0.79
-0.8
-0.695
-0.63
-0.64
-0.685
-0.745
-0.77
-0.795
-0.805
-0.805
-0.795
-0.805
-0.795
-0.81
-0.815
-0.835
-0.845
-0.825
-0.79
-0.73
-0.65
-0.625
-0.585
-0.535
-0.475
-0.415
-0.34
-0.31
-0.3
-0.295
-0.29
-0.26
-0.245
-0.23
-0.24
-0.24
-0.23
-0.215
-0.18
-0.18
-0.19
-0.2
-0.185
-0.18
-0.16
-0.155
-0.155
-0.14
-0.135
-0.11
-0.085
-0.07
-0.085
-0.085
-0.075
